4.486739635467529297e-01
4.486739635467529297e-01
4.486739635467529297e-01
5.702830553054809570e-01
4.879632592201232910e-01
4.486739635467529297e-01
4.486739635467529297e-01
5.702830553054809570e-01
5.702830553054809570e-01
5.702830553054809570e-01
4.486739635467529297e-01
4.486739635467529297e-01
4.486739635467529297e-01
5.702830553054809570e-01
5.314309000968933105e-01
4.486739635467529297e-01
4.486739635467529297e-01
5.702830553054809570e-01
4.486739635467529297e-01
5.702830553054809570e-01
5.314309000968933105e-01
4.486739635467529297e-01
5.702830553054809570e-01
4.486739635467529297e-01
5.314309000968933105e-01
5.702830553054809570e-01
4.486739635467529297e-01
4.486739635467529297e-01
4.486739635467529297e-01
4.486739635467529297e-01
4.486739635467529297e-01
4.486739635467529297e-01
4.486739635467529297e-01
4.486739635467529297e-01
5.314309000968933105e-01
4.879632592201232910e-01
4.879632592201232910e-01
5.314309000968933105e-01
5.702830553054809570e-01
5.702830553054809570e-01
5.702830553054809570e-01
4.879632592201232910e-01
4.486739635467529297e-01
4.879632592201232910e-01
5.702830553054809570e-01
4.879632592201232910e-01
5.702830553054809570e-01
4.486739635467529297e-01
5.702830553054809570e-01
5.314309000968933105e-01
4.486739635467529297e-01
4.486739635467529297e-01
5.702830553054809570e-01
5.702830553054809570e-01
4.971558451652526855e-01
4.971558451652526855e-01
4.971558451652526855e-01
4.971558451652526855e-01
4.971558451652526855e-01
4.971558451652526855e-01
4.486739635467529297e-01
4.971558451652526855e-01
4.971558451652526855e-01
4.971558451652526855e-01
5.702830553054809570e-01
4.971558451652526855e-01
4.486739635467529297e-01
5.702830553054809570e-01
4.971558451652526855e-01
5.702830553054809570e-01
5.702830553054809570e-01
4.971558451652526855e-01
5.314309000968933105e-01
4.971558451652526855e-01
4.971558451652526855e-01
4.486739635467529297e-01
4.971558451652526855e-01
4.971558451652526855e-01
5.702830553054809570e-01
5.702830553054809570e-01
4.486739635467529297e-01
4.971558451652526855e-01
4.971558451652526855e-01
4.486739635467529297e-01
4.971558451652526855e-01
5.702830553054809570e-01
5.702830553054809570e-01
4.879632592201232910e-01
4.879632592201232910e-01
4.879632592201232910e-01
4.486739635467529297e-01
4.879632592201232910e-01
4.486739635467529297e-01
4.971558451652526855e-01
4.971558451652526855e-01
4.486739635467529297e-01
4.879632592201232910e-01
5.702830553054809570e-01
4.486739635467529297e-01
4.971558451652526855e-01
4.971558451652526855e-01
4.971558451652526855e-01
4.971558451652526855e-01
4.971558451652526855e-01
4.971558451652526855e-01
4.486739635467529297e-01
4.971558451652526855e-01
5.702830553054809570e-01
4.486739635467529297e-01
4.971558451652526855e-01
4.971558451652526855e-01
4.971558451652526855e-01
4.971558451652526855e-01
4.971558451652526855e-01
4.971558451652526855e-01
4.971558451652526855e-01
4.971558451652526855e-01
5.702830553054809570e-01
4.971558451652526855e-01
4.971558451652526855e-01
4.971558451652526855e-01
4.971558451652526855e-01
4.971558451652526855e-01
4.971558451652526855e-01
4.486739635467529297e-01
5.702830553054809570e-01
4.971558451652526855e-01
4.971558451652526855e-01
4.486739635467529297e-01
4.486739635467529297e-01
4.971558451652526855e-01
4.971558451652526855e-01
5.314309000968933105e-01
4.971558451652526855e-01
4.971558451652526855e-01
5.702830553054809570e-01
4.971558451652526855e-01
4.486739635467529297e-01
4.971558451652526855e-01
4.971558451652526855e-01
4.971558451652526855e-01
4.971558451652526855e-01
4.971558451652526855e-01
4.971558451652526855e-01
4.971558451652526855e-01
4.971558451652526855e-01
5.702830553054809570e-01
4.971558451652526855e-01
4.971558451652526855e-01
4.971558451652526855e-01
4.971558451652526855e-01
4.971558451652526855e-01
4.971558451652526855e-01
4.971558451652526855e-01
4.971558451652526855e-01
4.486739635467529297e-01
4.486739635467529297e-01
4.486739635467529297e-01
4.971558451652526855e-01
4.971558451652526855e-01
4.971558451652526855e-01
4.971558451652526855e-01
4.971558451652526855e-01
4.971558451652526855e-01
4.971558451652526855e-01
4.971558451652526855e-01
4.971558451652526855e-01
4.971558451652526855e-01
4.971558451652526855e-01
4.971558451652526855e-01
4.971558451652526855e-01
4.971558451652526855e-01
4.971558451652526855e-01
4.971558451652526855e-01
4.971558451652526855e-01
4.971558451652526855e-01
4.971558451652526855e-01
4.971558451652526855e-01
4.971558451652526855e-01
4.971558451652526855e-01
4.971558451652526855e-01
4.971558451652526855e-01
4.971558451652526855e-01
4.971558451652526855e-01
4.971558451652526855e-01
4.971558451652526855e-01
4.971558451652526855e-01
4.971558451652526855e-01
4.971558451652526855e-01
4.971558451652526855e-01
4.971558451652526855e-01
4.971558451652526855e-01
4.971558451652526855e-01
4.971558451652526855e-01
4.971558451652526855e-01
4.971558451652526855e-01
4.971558451652526855e-01
4.971558451652526855e-01
4.971558451652526855e-01
4.971558451652526855e-01
4.971558451652526855e-01
4.971558451652526855e-01
4.971558451652526855e-01
4.971558451652526855e-01
4.971558451652526855e-01
4.971558451652526855e-01
4.971558451652526855e-01
4.971558451652526855e-01
4.971558451652526855e-01
4.971558451652526855e-01
4.971558451652526855e-01
4.971558451652526855e-01
4.971558451652526855e-01
4.971558451652526855e-01
4.971558451652526855e-01
4.971558451652526855e-01
4.971558451652526855e-01
4.971558451652526855e-01
4.971558451652526855e-01
