8.226225972175598145e-01
8.693345189094543457e-01
8.805346488952636719e-01
8.817703723907470703e-01
9.017437696456909180e-01
8.924473524093627930e-01
8.650546669960021973e-01
8.691204190254211426e-01
9.114144444465637207e-01
7.803551554679870605e-01
8.588646054267883301e-01
8.818463087081909180e-01
8.765020370483398438e-01
8.029391765594482422e-01
8.421926498413085938e-01
8.433872461318969727e-01
8.439314365386962891e-01
9.235900640487670898e-01
8.842797875404357910e-01
8.867523074150085449e-01
8.842465281486511230e-01
9.035615921020507812e-01
8.194817900657653809e-01
8.141747117042541504e-01
9.308148622512817383e-01
8.722640275955200195e-01
9.075007438659667969e-01
8.606508374214172363e-01
8.140705227851867676e-01
8.746677637100219727e-01
8.802813887596130371e-01
8.763399720191955566e-01
8.285591602325439453e-01
8.930782675743103027e-01
9.528273940086364746e-01
9.142581820487976074e-01
8.864027261734008789e-01
8.849571943283081055e-01
8.079594373703002930e-01
8.706959486007690430e-01
8.646695613861083984e-01
8.723564147949218750e-01
8.123638033866882324e-01
8.478531837463378906e-01
9.125714898109436035e-01
9.221935868263244629e-01
8.635393977165222168e-01
8.709032535552978516e-01
8.415889143943786621e-01
8.803593516349792480e-01
8.299202919006347656e-01
8.536505699157714844e-01
8.356684446334838867e-01
8.797672390937805176e-01
8.333714008331298828e-01
8.601523637771606445e-01
8.532152771949768066e-01
8.619608283042907715e-01
9.089765548706054688e-01
9.107425808906555176e-01
8.684650063514709473e-01
9.301677942276000977e-01
8.646676540374755859e-01
8.951363563537597656e-01
8.341324329376220703e-01
8.818901181221008301e-01
8.341526389122009277e-01
8.322096467018127441e-01
8.988129496574401855e-01
8.586537241935729980e-01
8.386987447738647461e-01
8.856580853462219238e-01
8.792689442634582520e-01
8.905317783355712891e-01
9.139120578765869141e-01
8.664917945861816406e-01
8.562524318695068359e-01
8.767815828323364258e-01
8.923024535179138184e-01
8.420358896255493164e-01
8.888763785362243652e-01
7.876828908920288086e-01
9.548350572586059570e-01
8.205990791320800781e-01
8.318203687667846680e-01
8.059906363487243652e-01
8.740270137786865234e-01
8.132705688476562500e-01
8.864486813545227051e-01
8.736485242843627930e-01
8.683490157127380371e-01
8.696149587631225586e-01
8.497626185417175293e-01
8.908233642578125000e-01
8.182680010795593262e-01
8.256324529647827148e-01
8.652148842811584473e-01
8.697090744972229004e-01
8.914921283721923828e-01
8.861255645751953125e-01
9.567722082138061523e-01
8.840603828430175781e-01
8.665446639060974121e-01
8.769345879554748535e-01
8.801316022872924805e-01
9.209337830543518066e-01
9.195488095283508301e-01
9.153167605400085449e-01
8.301374316215515137e-01
8.965266346931457520e-01
8.722287416458129883e-01
8.384004235267639160e-01
8.754025101661682129e-01
8.425611853599548340e-01
8.788343667984008789e-01
8.215360641479492188e-01
8.047497868537902832e-01
8.330262303352355957e-01
8.550880551338195801e-01
8.790897130966186523e-01
8.730511069297790527e-01
8.869132995605468750e-01
8.852065801620483398e-01
8.221203088760375977e-01
8.694104552268981934e-01
8.577260971069335938e-01
9.197902083396911621e-01
9.053041934967041016e-01
8.978942036628723145e-01
9.197309017181396484e-01
8.289694786071777344e-01
8.669605255126953125e-01
8.766518235206604004e-01
8.481312394142150879e-01
8.916934132575988770e-01
8.375755548477172852e-01
8.711098432540893555e-01
8.190132975578308105e-01
9.094979166984558105e-01
8.246874213218688965e-01
9.054719209671020508e-01
8.933305740356445312e-01
8.960830569267272949e-01
8.919201493263244629e-01
8.790393471717834473e-01
8.874984979629516602e-01
8.629267215728759766e-01
7.972226738929748535e-01
8.607465028762817383e-01
8.278176784515380859e-01
8.043363690376281738e-01
8.320792913436889648e-01
8.862169384956359863e-01
8.549901843070983887e-01
8.951978087425231934e-01
8.753821253776550293e-01
8.968642354011535645e-01
9.265094995498657227e-01
8.592199087142944336e-01
8.493891954421997070e-01
8.813661336898803711e-01
8.639516830444335938e-01
8.519373536109924316e-01
8.812471628189086914e-01
8.515926003456115723e-01
8.829691410064697266e-01
8.625707030296325684e-01
8.891681432723999023e-01
8.656849265098571777e-01
8.867185115814208984e-01
8.858327269554138184e-01
8.551573753356933594e-01
8.675836324691772461e-01
8.521816730499267578e-01
9.139648079872131348e-01
8.889975547790527344e-01
8.881523609161376953e-01
8.658640384674072266e-01
9.001463651657104492e-01
8.786066770553588867e-01
8.525238633155822754e-01
8.900864720344543457e-01
9.046342968940734863e-01
8.463289141654968262e-01
9.231149554252624512e-01
8.901464939117431641e-01
9.046554565429687500e-01
8.838672637939453125e-01
8.290371298789978027e-01
8.539013862609863281e-01
8.740624785423278809e-01
8.568977713584899902e-01
8.586464524269104004e-01
8.697989583015441895e-01
8.911423087120056152e-01
9.149951338768005371e-01
9.058076739311218262e-01
8.981231451034545898e-01
8.806834220886230469e-01
8.395560979843139648e-01
8.760892748832702637e-01
8.901618719100952148e-01
8.961735963821411133e-01
8.692960739135742188e-01
8.043503165245056152e-01
8.721878528594970703e-01
9.260931611061096191e-01
9.226334095001220703e-01
9.242346882820129395e-01
9.067011475563049316e-01
9.024706482887268066e-01
9.027088880538940430e-01
9.024540185928344727e-01
9.044775962829589844e-01
9.049087166786193848e-01
8.547720313072204590e-01
8.621354103088378906e-01
8.792024254798889160e-01
8.905325531959533691e-01
