9.082816839218139648e-01
8.962407708168029785e-01
8.801965713500976562e-01
9.004546403884887695e-01
9.201387166976928711e-01
8.854771256446838379e-01
8.744527101516723633e-01
9.184074401855468750e-01
9.239665269851684570e-01
8.943504691123962402e-01
8.758616447448730469e-01
9.229119420051574707e-01
8.839648962020874023e-01
8.883179426193237305e-01
9.438656568527221680e-01
8.560864925384521484e-01
9.366431236267089844e-01
9.258265495300292969e-01
8.616020679473876953e-01
8.377838730812072754e-01
9.250400066375732422e-01
8.676298856735229492e-01
9.171776771545410156e-01
8.760043382644653320e-01
8.565460443496704102e-01
8.590543866157531738e-01
9.229159355163574219e-01
9.104769825935363770e-01
9.712427854537963867e-01
8.883311152458190918e-01
8.649680018424987793e-01
8.702363371849060059e-01
9.133827686309814453e-01
8.812932372093200684e-01
9.250822663307189941e-01
9.352673888206481934e-01
8.584312200546264648e-01
9.374866485595703125e-01
9.189004302024841309e-01
8.531226515769958496e-01
8.326435685157775879e-01
8.363806605339050293e-01
8.593034148216247559e-01
8.949511051177978516e-01
8.076360821723937988e-01
9.389133453369140625e-01
8.655599355697631836e-01
9.189042448997497559e-01
9.279415011405944824e-01
9.053066968917846680e-01
9.366580843925476074e-01
9.065284132957458496e-01
9.386952519416809082e-01
9.024211764335632324e-01
8.630540966987609863e-01
9.124641418457031250e-01
9.072343111038208008e-01
8.872610330581665039e-01
8.675584793090820312e-01
8.377050161361694336e-01
9.154207110404968262e-01
9.556059837341308594e-01
9.358738660812377930e-01
8.481016159057617188e-01
9.321394562721252441e-01
9.190410375595092773e-01
9.154384136199951172e-01
8.660500645637512207e-01
9.069597125053405762e-01
8.962335586547851562e-01
9.351007342338562012e-01
8.753068447113037109e-01
8.907037377357482910e-01
8.618221879005432129e-01
9.144976735115051270e-01
8.873635530471801758e-01
9.437693953514099121e-01
9.194813966751098633e-01
9.165378808975219727e-01
8.865123987197875977e-01
9.033318161964416504e-01
8.213544487953186035e-01
9.054091572761535645e-01
9.409285783767700195e-01
9.043715000152587891e-01
8.866297602653503418e-01
9.603112936019897461e-01
9.258469343185424805e-01
9.435426592826843262e-01
9.007343053817749023e-01
9.207146167755126953e-01
9.101983904838562012e-01
9.112383127212524414e-01
9.246575236320495605e-01
8.185634016990661621e-01
8.836626410484313965e-01
9.310636520385742188e-01
8.865312933921813965e-01
9.054669737815856934e-01
8.352516293525695801e-01
9.458474516868591309e-01
8.806640505790710449e-01
8.852294683456420898e-01
9.431642293930053711e-01
7.887479662895202637e-01
8.935658335685729980e-01
8.683426380157470703e-01
9.192392826080322266e-01
8.551677465438842773e-01
9.202433228492736816e-01
9.074567556381225586e-01
8.675410151481628418e-01
8.834932446479797363e-01
8.697401285171508789e-01
8.879718184471130371e-01
9.312148094177246094e-01
9.337465763092041016e-01
8.852710127830505371e-01
8.533082604408264160e-01
8.438996076583862305e-01
8.615949749946594238e-01
8.736060261726379395e-01
9.190199971199035645e-01
8.374400734901428223e-01
9.549292325973510742e-01
8.410762548446655273e-01
9.086447954177856445e-01
9.194337725639343262e-01
8.549218773841857910e-01
8.639439940452575684e-01
8.694678544998168945e-01
8.669971227645874023e-01
9.073267579078674316e-01
8.765873312950134277e-01
9.215717911720275879e-01
8.905616998672485352e-01
8.706170916557312012e-01
8.756726384162902832e-01
8.470258116722106934e-01
8.990840315818786621e-01
9.195217490196228027e-01
9.412344098091125488e-01
9.295254945755004883e-01
8.167479038238525391e-01
8.879806995391845703e-01
9.518564343452453613e-01
9.300734400749206543e-01
8.318147063255310059e-01
8.519470095634460449e-01
9.479513764381408691e-01
9.373283982276916504e-01
9.285674691200256348e-01
9.280672669410705566e-01
8.925967216491699219e-01
9.009710550308227539e-01
8.536852598190307617e-01
9.247722029685974121e-01
9.256315231323242188e-01
9.077650308609008789e-01
8.868907690048217773e-01
8.900662660598754883e-01
8.832222223281860352e-01
8.851401805877685547e-01
8.391589522361755371e-01
8.742445111274719238e-01
8.779536485671997070e-01
9.447479248046875000e-01
8.605324029922485352e-01
9.246719479560852051e-01
9.383364915847778320e-01
9.192586541175842285e-01
9.075227975845336914e-01
8.670784831047058105e-01
8.885724544525146484e-01
8.794230818748474121e-01
9.304327964782714844e-01
9.620454311370849609e-01
8.853794336318969727e-01
9.134904742240905762e-01
8.511025309562683105e-01
9.138799905776977539e-01
8.391064405441284180e-01
9.485920667648315430e-01
9.083509445190429688e-01
9.548889398574829102e-01
9.257964491844177246e-01
8.934399485588073730e-01
9.469335675239562988e-01
8.987502455711364746e-01
8.676415681838989258e-01
8.589863777160644531e-01
9.076636433601379395e-01
8.836993575096130371e-01
9.470555782318115234e-01
9.087092280387878418e-01
9.066243171691894531e-01
9.335131645202636719e-01
8.368870615959167480e-01
9.496554136276245117e-01
9.178974628448486328e-01
9.430493116378784180e-01
9.461549520492553711e-01
9.090954065322875977e-01
8.772696256637573242e-01
9.095583558082580566e-01
9.662653207778930664e-01
9.289750456809997559e-01
8.584489226341247559e-01
9.097746610641479492e-01
8.295330405235290527e-01
9.246403574943542480e-01
9.242595434188842773e-01
9.250258207321166992e-01
9.196565151214599609e-01
9.134789109230041504e-01
8.686218261718750000e-01
8.973138332366943359e-01
8.442461490631103516e-01
9.222792983055114746e-01
