9.271518588066101074e-01
9.195973277091979980e-01
9.193228483200073242e-01
9.356884360313415527e-01
8.984252214431762695e-01
8.390519618988037109e-01
8.557543754577636719e-01
8.596469163894653320e-01
9.469462037086486816e-01
8.995847105979919434e-01
8.797687292098999023e-01
8.811487555503845215e-01
9.067117571830749512e-01
9.431664347648620605e-01
8.270345330238342285e-01
8.769550919532775879e-01
9.350934624671936035e-01
9.722589850425720215e-01
9.017589092254638672e-01
9.102266430854797363e-01
9.414781332015991211e-01
9.225853681564331055e-01
8.836352229118347168e-01
8.584704399108886719e-01
9.090324640274047852e-01
8.818005323410034180e-01
9.300181865692138672e-01
9.128643870353698730e-01
9.435020089149475098e-01
9.100400805473327637e-01
8.990214467048645020e-01
9.077828526496887207e-01
8.721132874488830566e-01
9.451518654823303223e-01
9.282094240188598633e-01
8.668895959854125977e-01
9.318437576293945312e-01
8.603461384773254395e-01
9.320587515830993652e-01
8.486295938491821289e-01
9.352633953094482422e-01
9.037839174270629883e-01
8.954448699951171875e-01
8.924162387847900391e-01
8.278472423553466797e-01
9.515734910964965820e-01
8.801177144050598145e-01
8.649740815162658691e-01
8.734794855117797852e-01
9.275826811790466309e-01
9.660893082618713379e-01
9.012393951416015625e-01
9.098986387252807617e-01
9.225333333015441895e-01
8.753884434700012207e-01
8.646244406700134277e-01
9.208115935325622559e-01
8.926415443420410156e-01
8.884456753730773926e-01
8.768417239189147949e-01
8.996126055717468262e-01
9.230824708938598633e-01
9.168124198913574219e-01
9.071203470230102539e-01
9.297086596488952637e-01
8.247362971305847168e-01
9.345908164978027344e-01
9.001621603965759277e-01
9.213654398918151855e-01
9.058651924133300781e-01
8.461988568305969238e-01
9.200893640518188477e-01
8.818389773368835449e-01
8.408286571502685547e-01
9.076599478721618652e-01
8.938931822776794434e-01
9.501952528953552246e-01
9.249408841133117676e-01
8.880924582481384277e-01
8.525825738906860352e-01
9.089286923408508301e-01
9.132885336875915527e-01
8.551220893859863281e-01
9.293597340583801270e-01
9.352189898490905762e-01
8.934682607650756836e-01
8.908499479293823242e-01
8.840337395668029785e-01
9.186995625495910645e-01
9.088442921638488770e-01
9.063285589218139648e-01
9.417959451675415039e-01
9.412629008293151855e-01
9.707015156745910645e-01
8.289595246315002441e-01
8.869914412498474121e-01
9.574028849601745605e-01
9.025109410285949707e-01
8.940846920013427734e-01
8.856440186500549316e-01
9.428631067276000977e-01
8.936905860900878906e-01
8.561509251594543457e-01
8.853755593299865723e-01
8.377948999404907227e-01
8.994268774986267090e-01
8.954734206199645996e-01
9.404002428054809570e-01
9.366746544837951660e-01
8.958899378776550293e-01
9.114134311676025391e-01
8.634154796600341797e-01
8.991923332214355469e-01
8.749091625213623047e-01
8.721805214881896973e-01
8.738062977790832520e-01
9.146572947502136230e-01
8.928032517433166504e-01
9.272488355636596680e-01
9.103883504867553711e-01
9.098939895629882812e-01
9.267442226409912109e-01
9.458472132682800293e-01
9.382535815238952637e-01
8.492239713668823242e-01
9.125082492828369141e-01
9.303705096244812012e-01
9.196729660034179688e-01
8.751646280288696289e-01
9.443852305412292480e-01
8.993025422096252441e-01
8.898671865463256836e-01
9.039690494537353516e-01
9.285389780998229980e-01
9.332665801048278809e-01
9.272839426994323730e-01
8.725489974021911621e-01
9.063007235527038574e-01
8.734446167945861816e-01
8.721973299980163574e-01
9.045138359069824219e-01
8.654403090476989746e-01
8.598678112030029297e-01
9.131671786308288574e-01
8.798809051513671875e-01
8.797055482864379883e-01
8.319067955017089844e-01
9.050197005271911621e-01
8.577425479888916016e-01
8.846156001091003418e-01
9.305714964866638184e-01
8.726006150245666504e-01
9.294971823692321777e-01
9.174420833587646484e-01
8.654280900955200195e-01
8.908506631851196289e-01
8.687080144882202148e-01
9.508736729621887207e-01
9.604139924049377441e-01
8.768501281738281250e-01
8.646044135093688965e-01
9.038562774658203125e-01
9.429082274436950684e-01
8.387796282768249512e-01
9.438937902450561523e-01
8.698858022689819336e-01
9.124813675880432129e-01
8.788616061210632324e-01
8.270661234855651855e-01
9.052543044090270996e-01
9.560441970825195312e-01
9.490715861320495605e-01
9.293218255043029785e-01
8.970676660537719727e-01
9.363667964935302734e-01
9.146344661712646484e-01
9.362341165542602539e-01
9.111661314964294434e-01
9.350857138633728027e-01
8.722531795501708984e-01
9.308040142059326172e-01
8.377569317817687988e-01
9.461032152175903320e-01
9.047999382019042969e-01
9.375464916229248047e-01
8.874149918556213379e-01
8.892837166786193848e-01
9.059082269668579102e-01
8.485044836997985840e-01
9.116956591606140137e-01
9.435683488845825195e-01
9.312977194786071777e-01
9.249421358108520508e-01
9.276233911514282227e-01
9.334777593612670898e-01
8.962582945823669434e-01
8.838106989860534668e-01
9.288448691368103027e-01
8.797059059143066406e-01
8.718628883361816406e-01
8.928120136260986328e-01
9.252713322639465332e-01
8.498937487602233887e-01
8.915323019027709961e-01
9.012658596038818359e-01
8.990041017532348633e-01
9.503293037414550781e-01
9.527342319488525391e-01
9.484229087829589844e-01
9.010254144668579102e-01
9.332693219184875488e-01
9.389777183532714844e-01
9.563168883323669434e-01
9.466869831085205078e-01
9.166192412376403809e-01
9.163534045219421387e-01
9.212560057640075684e-01
9.289178848266601562e-01
8.569079637527465820e-01
